705.1075331937418 644.430465620122
1742.1320184940896 607.3938768593944
2705.083326272982 693.8125839677577
3655.6891044649683 780.2312910761193
4668.022530591498 743.1947023153934
5556.900660848939 780.2312910761193
6532.197498214741 928.3776461190264
7618.604101862725 829.613409423755
8643.283057576162 903.6865869452085
9544.506717420514 940.7231757059362
655.7254148461061 1582.6907142251985
1643.3677817988182 1619.7273029859243
2606.3190895777125 1669.10942133356
3618.6525157042406 1706.1460100942877
4618.640412243863 1669.10942133356
5569.246190435847 1718.4915396811957
6532.197498214741 1866.6378947241028
7581.567513101997 1829.6013059633751
8593.900939228526 1903.6744834848287
9482.779069485969 1866.6378947241028
680.416474019924 2520.950962830275
1668.058840972636 2644.4062586993623
2569.282500816985 2570.3330811779106
3569.270397356605 2730.8249658077257
4581.603823483135 2644.4062586993623
5556.900660848939 2730.8249658077257
6581.579616562377 2767.8615545684515
7544.530924341271 2718.479436220816
8519.827761707074 2804.898143329179
9458.088010312149 2854.280261676815
668.070944433015 3545.629918543713
1668.058840972636 3656.7396848258923
2544.591441643167 3669.085214412801
3495.1972198351514 3681.43074399971
4519.876175548591 3644.3941552389833
5519.864072088211 3656.7396848258923
6507.506439040923 3730.812862347346
7532.185394754361 3755.5039215211636
8532.17329129398 3767.8494511080726
9458.088010312149 3866.613687803344
606.3432964984704 4520.926755909515
1593.9856634511825 4570.308874257151
2556.936971230077 4594.999933430969
3519.888279008969 4656.727581365513
4519.876175548591 4656.727581365513
5507.518542501303 4644.382051778604
6482.815379867106 4755.491818060784
7470.457746819818 4743.146288473876
8458.100113772529 4804.8739364084195
9421.051421551423 4841.910525169146
544.6156485639258 5397.459356580047
1606.3311930380905 5508.569122862227
2519.900382469349 5557.951241209862
3470.5061606613335 5607.333359557498
4482.8395867878635 5644.3699483182245
5470.481953740576 5632.024418731316
6482.815379867106 5681.406537078951
7445.766687646 5693.75206666586
8482.791172946349 5780.170773774223
9346.978244029971 5817.207362534949
569.3067077377436 6508.557019401847
1482.8758971690013 6508.557019401847
2482.8637937086232 6570.284667336392
3482.8516902482434 6607.321256097119
4495.185116374773 6582.630196923301
5445.790894566758 6619.666785684028
6421.08773193256 6693.739963205481
7384.039039711454 6706.08549279239
8421.063525011803 6718.431022379298
9359.323773616881 6755.467611140025
532.2701189770169 7508.5449159414675
1495.2214267559111 7533.235975115285
2495.2093232955312 7533.235975115285
3470.5061606613335 7582.618093462921
4470.4940572009555 7632.000211810557
5396.408776219122 7632.000211810557
6408.742202345652 7681.382330158192
7371.693510124546 7681.382330158192
8334.644817903441 7644.345741397466
9272.905066508516 7804.837626027282
482.88800062938117 8446.805164546544
1433.4937788213656 8533.223871654907
2421.1361457740777 8545.569401241815
3445.8151014875175 8570.260460415633
4421.11193885332 8607.297049176359
5359.372187458396 8607.297049176359
6334.6690248241985 8669.024697110905
7334.656921363819 8644.333637937087
433.50588228174547 9360.374353977802
1384.11166047373 9434.447531499256
2347.062968252624 9496.1751794338
3371.741923966064 9545.557297781435
4371.729820505684 9557.902827368345
5309.9900691107605 9570.248356955253
6297.632436063473 9570.248356955253
7272.929273429275 9619.630475302889
8223.53505162126 9644.321534476707
9124.758711465609 9607.28494571598
